Codefile:01402_hrg_descr.r 


table(database(splength))

   2    3    4 
2369  717  528 


OVERALL FREQUENCY OF ALTERNATIVE INCLUSION IN CHOICE CARDS (aside from CART and CARNT 
which appear in each choice situation)table(database$cn)

cn[] (Length:3614, # of nonmissing elements:3614)
  Frequency PctShare LevelCode                                LevelText
1       823       23         1                         Bus - Train (SP)
2       771       21         2                    Bus - LigtRail!! (SP)
3       818       23         3                    Train - Busway!! (SP)
4      1202       33         4                 Busway - Light Rail (SP)
5         0        0         5 Walk and other alternative included (RP)

cnf[] (Length:3614, # of nonmissing elements:3614)
  Frequency PctShare LevelCode LevelText
1       823       23         1   1: b+tr
2       771       21         2   2: b+lr
3       818       23         3  3: tr+bw
4      1202       33         4  4: bw+lr

 FROM NOW ON FILTERED DATA (sprp == 'SP' & splength == 2) [with 2:<30min, 3:30-45min, 4:>45min]
Testing for multicollinearity using wide format (all alternatives in same row for each choice situation)   
 as suggested in HRG2005 8.5.1 (p.245) and 9.5.2 (p. 295)


SPLENGTH-specific FREQUENCY OF ALTERNATIVE INCLUSION IN CHOICE CARDSn)

cn[] (Length:2369, # of nonmissing elements:2369)
  Frequency PctShare LevelCode                                LevelText
1       548       23         1                         Bus - Train (SP)
2       491       21         2                    Bus - LigtRail!! (SP)
3       541       23         3                    Train - Busway!! (SP)
4       789       33         4                 Busway - Light Rail (SP)
5         0        0         5 Walk and other alternative included (RP)


AUXILIARY REGRESSIONS FOR ALTERNATIVE CART 

Ri-STATISTICS AND F-TESTS

       Variable Ri_Statistic F_CritVal Multicoll
1     time_CART    1.5518370  2.375692         .
2  timevar_CART    1.7340526  2.375692         .
3     toll_CART    4.8352832  2.375692       Yes
4 tollpred_CART    5.7231418  2.375692       Yes
5     fuel_CART    0.5342818  2.375692         .
6  parking_CART    2.0742838  2.375692         .


AUXILIARY REGRESSIONS FOR ALTERNATIVE CARNT 

Ri-STATISTICS AND F-TESTS

       Variable Ri_Statistic F_CritVal Multicoll
1    time_CARNT    0.8298137  2.999529         .
2 timevar_CARNT    0.4103225  2.999529         .
3    fuel_CARNT    2.0690869  2.999529         .
4 parking_CARNT    2.1006176  2.999529         .


AUXILIARY REGRESSIONS FOR ALTERNATIVE BUS 

Ri-STATISTICS AND F-TESTS

     Variable Ri_Statistic F_CritVal Multicoll
1    time_BUS     2479.519  2.608666       Yes
2 acctime_BUS     1096.794  2.608666       Yes
3 eggtime_BUS     1027.491  2.608666       Yes
4    freq_BUS     1224.308  2.608666       Yes
5    fare_BUS     1210.281  2.608666       Yes


AUXILIARY REGRESSIONS FOR ALTERNATIVE TR 

Ri-STATISTICS AND F-TESTS

    Variable Ri_Statistic F_CritVal Multicoll
1    time_TR    2552.4438  2.608666       Yes
2 acctime_TR     757.6115  2.608666       Yes
3 eggtime_TR     902.5391  2.608666       Yes
4    freq_TR    1359.4591  2.608666       Yes
5    fare_TR    1234.5873  2.608666       Yes


AUXILIARY REGRESSIONS FOR ALTERNATIVE BW 

Ri-STATISTICS AND F-TESTS

    Variable Ri_Statistic F_CritVal Multicoll
1    time_BW    2139.1762  2.608666       Yes
2 acctime_BW     748.5318  2.608666       Yes
3 eggtime_BW     747.5489  2.608666       Yes
4    freq_BW     916.5673  2.608666       Yes
5    fare_BW     976.4674  2.608666       Yes


AUXILIARY REGRESSIONS FOR ALTERNATIVE LR 

Ri-STATISTICS AND F-TESTS

    Variable Ri_Statistic F_CritVal Multicoll
1    time_LR    1934.7243  2.608666       Yes
2 acctime_LR     824.9957  2.608666       Yes
3 eggtime_LR     853.4181  2.608666       Yes
4    freq_LR     914.9492  2.608666       Yes
5    fare_LR    1027.2643  2.608666       Yes


PEARSON CORRELATION MATRIX for splength = 2 (see also correlation plot 
         01402_hrg_descr_corrplotX.wmf w X = 2,3,4 acc to splength, also in MSWord file ) 

              time_CART timevar_CART toll_CART tollpred_CART fuel_CART parking_CART time_CARNT timevar_CARNT fuel_CARNT
time_CART         1.000       -0.013     0.017        -0.031     0.016       -0.031     -0.008        -0.028      0.003
timevar_CART     -0.013        1.000    -0.007        -0.033    -0.015        0.037      0.039        -0.007     -0.006
toll_CART         0.017       -0.007     1.000        -0.083    -0.010        0.029     -0.038        -0.030      0.028
tollpred_CART    -0.031       -0.033    -0.083         1.000     0.019       -0.020     -0.027         0.036     -0.016
fuel_CART         0.016       -0.015    -0.010         0.019     1.000       -0.002     -0.001        -0.008     -0.028
parking_CART     -0.031        0.037     0.029        -0.020    -0.002        1.000      0.037        -0.036      0.019
time_CARNT       -0.008        0.039    -0.038        -0.027    -0.001        0.037      1.000        -0.008      0.021
timevar_CARNT    -0.028       -0.007    -0.030         0.036    -0.008       -0.036     -0.008         1.000     -0.006
fuel_CARNT        0.003       -0.006     0.028        -0.016    -0.028        0.019      0.021        -0.006      1.000
parking_CARNT     0.018        0.023     0.018        -0.002    -0.017       -0.004      0.015        -0.016      0.036
time_TR          -0.007       -0.003     0.030        -0.005    -0.009        0.039     -0.068         0.019      0.125
freq_TR           0.001        0.005     0.022         0.000     0.010       -0.074     -0.032         0.025      0.009
fare_TR           0.073       -0.092     0.034         0.027     0.021        0.029     -0.038        -0.023      0.005
acctime_TR       -0.020        0.055    -0.035         0.093    -0.031        0.043      0.046        -0.026      0.034
eggtime_TR       -0.059       -0.008     0.040         0.028     0.028        0.099     -0.027         0.025      0.007
time_LR          -0.026       -0.009    -0.008         0.003     0.044        0.005     -0.125         0.023     -0.085
freq_LR          -0.028        0.026    -0.025         0.055    -0.049        0.027      0.021         0.116     -0.003
fare_LR          -0.078       -0.229     0.009         0.012     0.003        0.005     -0.034         0.027     -0.026
acctime_LR       -0.021        0.010    -0.015         0.027    -0.017        0.025      0.008         0.001     -0.052
eggtime_LR        0.062        0.038     0.002         0.002     0.001        0.033      0.006         0.007     -0.047
time_BW           0.006       -0.012    -0.025        -0.020     0.026       -0.055      0.062        -0.017     -0.110
freq_BW           0.008       -0.029    -0.016         0.005     0.009        0.058      0.010        -0.019      0.011
fare_BW          -0.079        0.078    -0.020        -0.028     0.023       -0.047      0.008        -0.012      0.027
acctime_BW       -0.015       -0.034     0.006        -0.102    -0.005       -0.035      0.019         0.013     -0.019
eggtime_BW        0.050        0.008    -0.007        -0.045    -0.011       -0.103      0.017        -0.059      0.025
time_BUS          0.010       -0.018     0.000        -0.011    -0.030       -0.007      0.130        -0.027      0.083
freq_BUS          0.021        0.015     0.013        -0.022    -0.026        0.000     -0.009        -0.093      0.040
fare_BUS          0.068        0.242     0.004        -0.013     0.018       -0.008     -0.012        -0.023      0.021
acctime_BUS       0.034       -0.006     0.031         0.010     0.013       -0.016      0.000         0.000      0.009
eggtime_BUS      -0.028       -0.017    -0.004         0.018     0.025       -0.015     -0.012         0.006      0.007
              parking_CARNT time_TR freq_TR fare_TR acctime_TR eggtime_TR time_LR freq_LR fare_LR acctime_LR eggtime_LR
time_CART             0.018  -0.007   0.001   0.073     -0.020     -0.059  -0.026  -0.028  -0.078     -0.021      0.062
timevar_CART          0.023  -0.003   0.005  -0.092      0.055     -0.008  -0.009   0.026  -0.229      0.010      0.038
toll_CART             0.018   0.030   0.022   0.034     -0.035      0.040  -0.008  -0.025   0.009     -0.015      0.002
tollpred_CART        -0.002  -0.005   0.000   0.027      0.093      0.028   0.003   0.055   0.012      0.027      0.002
fuel_CART            -0.017  -0.009   0.010   0.021     -0.031      0.028   0.044  -0.049   0.003     -0.017      0.001
parking_CART         -0.004   0.039  -0.074   0.029      0.043      0.099   0.005   0.027   0.005      0.025      0.033
time_CARNT            0.015  -0.068  -0.032  -0.038      0.046     -0.027  -0.125   0.021  -0.034      0.008      0.006
timevar_CARNT        -0.016   0.019   0.025  -0.023     -0.026      0.025   0.023   0.116   0.027      0.001      0.007
fuel_CARNT            0.036   0.125   0.009   0.005      0.034      0.007  -0.085  -0.003  -0.026     -0.052     -0.047
parking_CARNT         1.000   0.008   0.030   0.208      0.037     -0.024  -0.016   0.036  -0.099     -0.015     -0.165
time_TR               0.008   1.000   0.775   0.767      0.681      0.705  -0.078  -0.062  -0.093     -0.112     -0.101
freq_TR               0.030   0.775   1.000   0.670      0.587      0.648  -0.087  -0.057  -0.086     -0.136     -0.086
fare_TR               0.208   0.767   0.670   1.000      0.591      0.596  -0.078  -0.044   0.011     -0.093     -0.114
acctime_TR            0.037   0.681   0.587   0.591      1.000      0.565  -0.113  -0.027  -0.122     -0.066     -0.078
eggtime_TR           -0.024   0.705   0.648   0.596      0.565      1.000  -0.116  -0.087  -0.103     -0.044     -0.064
time_LR              -0.016  -0.078  -0.087  -0.078     -0.113     -0.116   1.000   0.713   0.733      0.662      0.659
freq_LR               0.036  -0.062  -0.057  -0.044     -0.027     -0.087   0.713   1.000   0.599      0.566      0.554
fare_LR              -0.099  -0.093  -0.086   0.011     -0.122     -0.103   0.733   0.599   1.000      0.538      0.591
acctime_LR           -0.015  -0.112  -0.136  -0.093     -0.066     -0.044   0.662   0.566   0.538      1.000      0.627
eggtime_LR           -0.165  -0.101  -0.086  -0.114     -0.078     -0.064   0.659   0.554   0.591      0.627      1.000
time_BW               0.003  -0.871  -0.751  -0.746     -0.691     -0.694   0.100   0.071   0.093      0.107      0.096
freq_BW               0.003  -0.727  -0.627  -0.622     -0.577     -0.579   0.094   0.066   0.084      0.092      0.091
fare_BW              -0.178  -0.731  -0.631  -0.626     -0.580     -0.583   0.099   0.063   0.084      0.101      0.085
acctime_BW            0.015  -0.670  -0.578  -0.574     -0.531     -0.534   0.096   0.067   0.072      0.145      0.128
eggtime_BW            0.046  -0.675  -0.582  -0.578     -0.535     -0.538   0.075   0.053   0.066      0.107      0.110
time_BUS              0.012   0.090   0.090   0.076      0.101      0.111  -0.870  -0.731  -0.726     -0.667     -0.671
freq_BUS              0.026   0.073   0.065   0.047      0.114      0.083  -0.744  -0.625  -0.621     -0.570     -0.574
fare_BUS              0.114   0.093   0.078   0.029      0.094      0.100  -0.749  -0.629  -0.625     -0.574     -0.577
acctime_BUS           0.014   0.110   0.164   0.101      0.142      0.191  -0.707  -0.594  -0.590     -0.542     -0.545
eggtime_BUS           0.165   0.118   0.103   0.158      0.123      0.150  -0.706  -0.593  -0.589     -0.541     -0.544
              time_BW freq_BW fare_BW acctime_BW eggtime_BW time_BUS freq_BUS fare_BUS acctime_BUS eggtime_BUS
time_CART       0.006   0.008  -0.079     -0.015      0.050    0.010    0.021    0.068       0.034      -0.028
timevar_CART   -0.012  -0.029   0.078     -0.034      0.008   -0.018    0.015    0.242      -0.006      -0.017
toll_CART      -0.025  -0.016  -0.020      0.006     -0.007    0.000    0.013    0.004       0.031      -0.004
tollpred_CART  -0.020   0.005  -0.028     -0.102     -0.045   -0.011   -0.022   -0.013       0.010       0.018
fuel_CART       0.026   0.009   0.023     -0.005     -0.011   -0.030   -0.026    0.018       0.013       0.025
parking_CART   -0.055   0.058  -0.047     -0.035     -0.103   -0.007    0.000   -0.008      -0.016      -0.015
time_CARNT      0.062   0.010   0.008      0.019      0.017    0.130   -0.009   -0.012       0.000      -0.012
timevar_CARNT  -0.017  -0.019  -0.012      0.013     -0.059   -0.027   -0.093   -0.023       0.000       0.006
fuel_CARNT     -0.110   0.011   0.027     -0.019      0.025    0.083    0.040    0.021       0.009       0.007
parking_CARNT   0.003   0.003  -0.178      0.015      0.046    0.012    0.026    0.114       0.014       0.165
time_TR        -0.871  -0.727  -0.731     -0.670     -0.675    0.090    0.073    0.093       0.110       0.118
freq_TR        -0.751  -0.627  -0.631     -0.578     -0.582    0.090    0.065    0.078       0.164       0.103
fare_TR        -0.746  -0.622  -0.626     -0.574     -0.578    0.076    0.047    0.029       0.101       0.158
acctime_TR     -0.691  -0.577  -0.580     -0.531     -0.535    0.101    0.114    0.094       0.142       0.123
eggtime_TR     -0.694  -0.579  -0.583     -0.534     -0.538    0.111    0.083    0.100       0.191       0.150
time_LR         0.100   0.094   0.099      0.096      0.075   -0.870   -0.744   -0.749      -0.707      -0.706
freq_LR         0.071   0.066   0.063      0.067      0.053   -0.731   -0.625   -0.629      -0.594      -0.593
fare_LR         0.093   0.084   0.084      0.072      0.066   -0.726   -0.621   -0.625      -0.590      -0.589
acctime_LR      0.107   0.092   0.101      0.145      0.107   -0.667   -0.570   -0.574      -0.542      -0.541
eggtime_LR      0.096   0.091   0.085      0.128      0.110   -0.671   -0.574   -0.577      -0.545      -0.544
time_BW         1.000   0.718   0.726      0.670      0.670   -0.121   -0.080   -0.100      -0.104      -0.103
freq_BW         0.718   1.000   0.609      0.545      0.506   -0.102   -0.073   -0.097      -0.110      -0.093
fare_BW         0.726   0.609   1.000      0.538      0.560   -0.107   -0.078   -0.138      -0.098      -0.105
acctime_BW      0.670   0.545   0.538      1.000      0.577   -0.098   -0.128   -0.085      -0.067      -0.058
eggtime_BW      0.670   0.506   0.560      0.577      1.000   -0.067   -0.023   -0.047      -0.129      -0.049
time_BUS       -0.121  -0.102  -0.107     -0.098     -0.067    1.000    0.762    0.757       0.719       0.709
freq_BUS       -0.080  -0.073  -0.078     -0.128     -0.023    0.762    1.000    0.673       0.592       0.606
fare_BUS       -0.100  -0.097  -0.138     -0.085     -0.047    0.757    0.673    1.000       0.623       0.585
acctime_BUS    -0.104  -0.110  -0.098     -0.067     -0.129    0.719    0.592    0.623       1.000       0.676
eggtime_BUS    -0.103  -0.093  -0.105     -0.058     -0.049    0.709    0.606    0.585       0.676       1.000
null device 
          1 
